3.018310070037841797e-01
5.071622729301452637e-01
-5.029183967053540982e-07
3.764011859893798828e-01
4.542994499206542969e-01
-2.945346198976039886e-02
4.331347644329071045e-01
3.341718614101409912e-01
-4.002647846937179565e-02
4.482448399066925049e-01
2.365388572216033936e-01
-4.803904145956039429e-02
4.850581586360931396e-01
1.640341579914093018e-01
-5.237692594528198242e-02
3.863841295242309570e-01
2.094002962112426758e-01
-1.246366929262876511e-02
3.985853493213653564e-01
2.270467579364776611e-01
-5.095861107110977173e-02
3.958627581596374512e-01
3.041348159313201904e-01
-7.568253576755523682e-02
3.894641995429992676e-01
3.710163831710815430e-01
-8.344379067420959473e-02
3.283808827400207520e-01
1.980644315481185913e-01
-7.750646211206912994e-03
3.498657345771789551e-01
2.303126454353332520e-01
-4.518927261233329773e-02
3.453693389892578125e-01
3.275149166584014893e-01
-5.410031601786613464e-02
3.408663570880889893e-01
4.022826850414276123e-01
-4.844890162348747253e-02
2.731674909591674805e-01
2.108934372663497925e-01
-9.340116754174232483e-03
2.918683290481567383e-01
2.466310262680053711e-01
-4.494818672537803650e-02
2.988024055957794189e-01
3.410483598709106445e-01
-3.749485686421394348e-02
3.055841922760009766e-01
4.056906402111053467e-01
-2.013188786804676056e-02
2.205744981765747070e-01
2.410063594579696655e-01
-1.378110330551862717e-02
2.396177053451538086e-01
2.574869990348815918e-01
-3.611427918076515198e-02
2.552842795848846436e-01
3.244380056858062744e-01
-2.774867974221706390e-02
2.645362615585327148e-01
3.644559383392333984e-01
-1.164250075817108154e-02
