4.073475301265716553e-02
5.339668989181518555e-01
-7.211829711195605341e-07
1.026659458875656128e-01
6.070865392684936523e-01
-6.248613074421882629e-02
1.988873928785324097e-01
6.129972338676452637e-01
-8.987989276647567749e-02
2.681887745857238770e-01
5.812124013900756836e-01
-1.069110780954360962e-01
3.368516564369201660e-01
5.729973912239074707e-01
-1.184062659740447998e-01
2.758621275424957275e-01
4.626897871494293213e-01
-8.624260127544403076e-02
1.696004122495651245e-01
5.235942602157592773e-01
-1.463487148284912109e-01
1.076862663030624390e-01
5.569287538528442383e-01
-1.811435669660568237e-01
7.119068503379821777e-02
5.713000297546386719e-01
-1.956825107336044312e-01
2.433414906263351440e-01
3.677102327346801758e-01
-7.061899453401565552e-02
1.236031204462051392e-01
4.535072147846221924e-01
-1.252097487449645996e-01
7.772576808929443359e-02
5.056033134460449219e-01
-1.386519968509674072e-01
5.209372192621231079e-02
5.417990088462829590e-01
-1.393912583589553833e-01
1.959016621112823486e-01
3.089522719383239746e-01
-6.109215319156646729e-02
8.673938363790512085e-02
3.881322741508483887e-01
-1.053320690989494324e-01
5.842114239931106567e-02
4.543072581291198730e-01
-9.884627908468246460e-02
5.135353654623031616e-02
5.010518431663513184e-01
-8.507779985666275024e-02
1.384758502244949341e-01
2.712721228599548340e-01
-5.836309865117073059e-02
7.336864620447158813e-02
3.209053874015808105e-01
-8.722069859504699707e-02
5.597423017024993896e-02
3.728162944316864014e-01
-8.517121523618698120e-02
6.055663526058197021e-02
4.045575559139251709e-01
-7.399883866310119629e-02
