3.216060996055603027e-01
6.021922826766967773e-01
-3.293318115993315587e-07
3.905164301395416260e-01
5.752341747283935547e-01
-1.804810576140880585e-02
4.427683055400848389e-01
4.935448169708251953e-01
-2.211934700608253479e-02
4.556833505630493164e-01
4.169055223464965820e-01
-2.714552916586399078e-02
4.687567055225372314e-01
3.522838056087493896e-01
-3.052832558751106262e-02
4.125196933746337891e-01
4.166881144046783447e-01
4.267579934094101191e-04
4.361218810081481934e-01
3.931546211242675781e-01
-2.771035768091678619e-02
4.256283640861511230e-01
4.505966305732727051e-01
-4.399338364601135254e-02
4.077712893486022949e-01
5.075330138206481934e-01
-4.697814211249351501e-02
3.719283342361450195e-01
4.062138795852661133e-01
1.336890971288084984e-03
4.001716673374176025e-01
3.893183469772338867e-01
-2.703261934220790863e-02
3.852932751178741455e-01
4.650521576404571533e-01
-3.374873101711273193e-02
3.681739866733551025e-01
5.261911153793334961e-01
-2.915787510573863983e-02
3.287817239761352539e-01
4.024631977081298828e-01
-3.348872764036059380e-03
3.582126498222351074e-01
3.897388577461242676e-01
-3.610873594880104065e-02
3.501277863979339600e-01
4.691371321678161621e-01
-3.223851323127746582e-02
3.407036662101745605e-01
5.289219617843627930e-01
-1.820991933345794678e-02
2.812902629375457764e-01
4.062204658985137939e-01
-8.875217288732528687e-03
3.172949850559234619e-01
3.814243078231811523e-01
-3.032028116285800934e-02
3.238364160060882568e-01
4.395256340503692627e-01
-2.299523167312145233e-02
3.211654126644134521e-01
4.850058555603027344e-01
-9.676928631961345673e-03
