4.937137067317962646e-01
3.773869574069976807e-01
-3.193328268480399856e-07
5.758888125419616699e-01
3.437027633190155029e-01
-1.947407424449920654e-02
6.424435377120971680e-01
2.589843273162841797e-01
-2.379926480352878571e-02
6.708372831344604492e-01
1.822525560855865479e-01
-2.989863976836204529e-02
6.999313235282897949e-01
1.242796331644058228e-01
-3.293453156948089600e-02
6.164088249206542969e-01
1.634463071823120117e-01
4.135772585868835449e-03
6.452562808990478516e-01
1.372437775135040283e-01
-3.128910809755325317e-02
6.275919675827026367e-01
2.030873149633407593e-01
-5.210886895656585693e-02
6.043599247932434082e-01
2.642068862915039062e-01
-5.737383663654327393e-02
5.700607299804687500e-01
1.430981457233428955e-01
2.399284858256578445e-03
6.029884219169616699e-01
1.133319735527038574e-01
-3.662721067667007446e-02
5.811381340026855469e-01
2.009571790695190430e-01
-4.656565934419631958e-02
5.592873692512512207e-01
2.727677822113037109e-01
-4.087530449032783508e-02
5.193649530410766602e-01
1.328162550926208496e-01
-5.812982562929391861e-03
5.488231182098388672e-01
1.080263629555702209e-01
-4.631043970584869385e-02
5.354727506637573242e-01
2.002760618925094604e-01
-3.932839259505271912e-02
5.213603377342224121e-01
2.699378728866577148e-01
-2.056466229259967804e-02
4.625701904296875000e-01
1.323765218257904053e-01
-1.553554367274045944e-02
4.977231919765472412e-01
1.071590408682823181e-01
-4.300146177411079407e-02
4.992119967937469482e-01
1.766856461763381958e-01
-3.339199721813201904e-02
4.933811426162719727e-01
2.295059859752655029e-01
-1.613885536789894104e-02
