3.421086668968200684e-01
6.246173381805419922e-01
-6.915753374414634891e-07
4.135559201240539551e-01
5.123648643493652344e-01
-1.294418331235647202e-02
4.353369772434234619e-01
3.799967169761657715e-01
-2.135002426803112030e-02
4.312576055526733398e-01
2.778621912002563477e-01
-3.206796944141387939e-02
4.253771603107452393e-01
1.906023472547531128e-01
-3.807301074266433716e-02
3.351325690746307373e-01
2.618269920349121094e-01
-1.233642175793647766e-02
4.337010383605957031e-01
2.809118628501892090e-01
-5.436789244413375854e-02
4.402807652950286865e-01
3.786284625530242920e-01
-7.906810194253921509e-02
4.258314967155456543e-01
4.385953545570373535e-01
-8.976797014474868774e-02
2.876596152782440186e-01
2.816633582115173340e-01
-2.015006355941295624e-02
4.070192575454711914e-01
3.289310336112976074e-01
-5.703363940119743347e-02
4.086237549781799316e-01
4.269434511661529541e-01
-6.278035044670104980e-02
3.984425663948059082e-01
4.814016222953796387e-01
-6.065153703093528748e-02
2.535131573677062988e-01
3.217213749885559082e-01
-3.311020135879516602e-02
3.740229904651641846e-01
3.680104911327362061e-01
-6.992240995168685913e-02
3.776627182960510254e-01
4.588494300842285156e-01
-6.294563412666320801e-02
3.704041540622711182e-01
5.109416842460632324e-01
-4.973305016756057739e-02
2.301598936319351196e-01
3.803718984127044678e-01
-4.825055971741676331e-02
3.274025917053222656e-01
3.970384299755096436e-01
-7.200999557971954346e-02
3.413526117801666260e-01
4.599735736846923828e-01
-6.665740907192230225e-02
3.377284109592437744e-01
5.015041232109069824e-01
-5.502765253186225891e-02
