1.906497925519943237e-01
6.853752136230468750e-01
-2.948331143670657184e-07
2.642606496810913086e-01
6.486438512802124023e-01
-2.621483989059925079e-02
3.179005980491638184e-01
5.618109107017517090e-01
-3.148157149553298950e-02
3.290599584579467773e-01
4.755181074142456055e-01
-3.498404100537300110e-02
3.387519121170043945e-01
4.061196446418762207e-01
-3.529862686991691589e-02
2.791500389575958252e-01
4.864617586135864258e-01
-3.780722618103027344e-03
2.916405797004699707e-01
4.581787288188934326e-01
-3.781056031584739685e-02
2.818533778190612793e-01
5.208562612533569336e-01
-5.545047670602798462e-02
2.688970267772674561e-01
5.769959092140197754e-01
-5.863663926720619202e-02
2.336609065532684326e-01
4.789226651191711426e-01
9.875615796772763133e-05
2.479176372289657593e-01
4.433782100677490234e-01
-3.828236833214759827e-02
2.395412623882293701e-01
5.294885039329528809e-01
-4.812502861022949219e-02
2.314899563789367676e-01
5.922137498855590820e-01
-4.217869043350219727e-02
1.889620125293731689e-01
4.823928773403167725e-01
-2.150698332116007805e-03
1.976166665554046631e-01
4.578740000724792480e-01
-4.255931451916694641e-02
2.000601738691329956e-01
5.434998869895935059e-01
-3.695821017026901245e-02
2.008367925882339478e-01
5.970513820648193359e-01
-1.926598325371742249e-02
1.407239586114883423e-01
4.949889481067657471e-01
-5.641596391797065735e-03
1.549185663461685181e-01
4.669544994831085205e-01
-3.138510137796401978e-02
1.638701409101486206e-01
5.296613574028015137e-01
-2.262912504374980927e-02
1.673636883497238159e-01
5.673871636390686035e-01
-6.659033708274364471e-03
