4.467883706092834473e-01
6.023474931716918945e-01
-3.492028497475985205e-07
5.170792341232299805e-01
5.601621866226196289e-01
-1.667670905590057373e-02
5.597950220108032227e-01
4.720512032508850098e-01
-1.939040049910545349e-02
5.682139992713928223e-01
3.961121439933776855e-01
-2.423347532749176025e-02
5.772197246551513672e-01
3.310565948486328125e-01
-2.620563842356204987e-02
5.316378474235534668e-01
3.904435634613037109e-01
9.099199436604976654e-03
5.533022880554199219e-01
3.630141615867614746e-01
-2.271225117146968842e-02
5.435457825660705566e-01
4.287642836570739746e-01
-4.263265430927276611e-02
5.286148190498352051e-01
4.882954657077789307e-01
-4.735454171895980835e-02
4.909331798553466797e-01
3.812407553195953369e-01
9.203755296766757965e-03
5.163247585296630859e-01
3.656573891639709473e-01
-2.277829870581626892e-02
5.036311745643615723e-01
4.443537294864654541e-01
-3.216912224888801575e-02
4.907524585723876953e-01
5.042392611503601074e-01
-2.804642915725708008e-02
4.474640488624572754e-01
3.814412355422973633e-01
3.072947962209582329e-03
4.734134972095489502e-01
3.676685392856597900e-01
-3.123881109058856964e-02
4.686392843723297119e-01
4.474239647388458252e-01
-2.814476378262042999e-02
4.626598060131072998e-01
5.067854523658752441e-01
-1.357117481529712677e-02
4.002826809883117676e-01
3.901373445987701416e-01
-4.205123521387577057e-03
4.301116466522216797e-01
3.715364038944244385e-01
-2.642722800374031067e-02
4.385025501251220703e-01
4.296303987503051758e-01
-1.999224722385406494e-02
4.393493235111236572e-01
4.736949205398559570e-01
-6.167961750179529190e-03
