4.618828892707824707e-01
7.022421360015869141e-01
1.530109159375570016e-07
5.129824876785278320e-01
6.821947097778320312e-01
-1.547964196652173996e-02
5.568591952323913574e-01
6.253418326377868652e-01
-2.044926024973392487e-02
5.532249212265014648e-01
5.637792348861694336e-01
-2.523603476583957672e-02
5.228417515754699707e-01
5.322497487068176270e-01
-3.016126528382301331e-02
5.682792067527770996e-01
5.374979376792907715e-01
-5.510021932423114777e-03
5.860681533813476562e-01
4.634633660316467285e-01
-1.767779514193534851e-02
5.916577577590942383e-01
4.153138995170593262e-01
-2.958091907203197479e-02
5.938505530357360840e-01
3.744902908802032471e-01
-3.872224316000938416e-02
5.447725653648376465e-01
5.208272337913513184e-01
-9.638894349336624146e-03
5.627256035804748535e-01
4.383268952369689941e-01
-1.966322027146816254e-02
5.723798871040344238e-01
3.838059306144714355e-01
-3.089519962668418884e-02
5.773481726646423340e-01
3.392652273178100586e-01
-3.919951990246772766e-02
5.187710523605346680e-01
5.229576826095581055e-01
-1.667581312358379364e-02
5.328330993652343750e-01
4.437890052795410156e-01
-2.728716097772121429e-02
5.409509539604187012e-01
3.950279355049133301e-01
-3.695188835263252258e-02
5.443378686904907227e-01
3.528289198875427246e-01
-4.376377910375595093e-02
4.890112280845642090e-01
5.375688076019287109e-01
-2.568284422159194946e-02
5.015019178390502930e-01
4.800723791122436523e-01
-3.570630401372909546e-02
5.088134407997131348e-01
4.424995183944702148e-01
-4.058610275387763977e-02
5.121263861656188965e-01
4.071170985698699951e-01
-4.394259676337242126e-02
