3.912386894226074219e-01
7.383477687835693359e-01
3.973771072196541354e-07
4.719142615795135498e-01
6.832951903343200684e-01
-4.198542237281799316e-02
5.430483818054199219e-01
5.820176005363464355e-01
-6.190737336874008179e-02
5.070933699607849121e-01
4.679083526134490967e-01
-7.947628200054168701e-02
4.362405240535736084e-01
4.128422737121582031e-01
-9.804829955101013184e-02
5.604665279388427734e-01
4.007319808006286621e-01
-2.837878465652465820e-02
5.728207230567932129e-01
2.483423203229904175e-01
-5.903859436511993408e-02
5.709515810012817383e-01
1.520596146583557129e-01
-8.706008642911911011e-02
5.662052631378173828e-01
7.312700152397155762e-02
-1.080443039536476135e-01
5.023208260536193848e-01
3.723068833351135254e-01
-3.467848524451255798e-02
5.163389444351196289e-01
2.099597901105880737e-01
-6.083807721734046936e-02
5.193665027618408203e-01
1.059238314628601074e-01
-8.856505155563354492e-02
5.202647447586059570e-01
2.145135402679443359e-02
-1.087220311164855957e-01
4.459652602672576904e-01
3.817696869373321533e-01
-4.701043292880058289e-02
4.558467268943786621e-01
2.256164252758026123e-01
-7.438818365335464478e-02
4.612261652946472168e-01
1.272046566009521484e-01
-9.465587139129638672e-02
4.634310901165008545e-01
4.527619481086730957e-02
-1.077219024300575256e-01
3.834992051124572754e-01
4.180025756359100342e-01
-6.390192359685897827e-02
3.978908061981201172e-01
2.908591330051422119e-01
-8.912513405084609985e-02
4.085002243518829346e-01
2.104999274015426636e-01
-9.858069568872451782e-02
4.189261794090270996e-01
1.388511061668395996e-01
-1.039338335394859314e-01
