2.682478725910186768e-01
6.907665729522705078e-01
3.077076655699784169e-07
3.156324326992034912e-01
6.578410863876342773e-01
-2.524889819324016571e-02
3.510327041149139404e-01
5.922904610633850098e-01
-3.536505624651908875e-02
3.243210315704345703e-01
5.255442261695861816e-01
-4.321118444204330444e-02
2.871454656124114990e-01
4.898272156715393066e-01
-5.062580481171607971e-02
3.650501668453216553e-01
5.007756352424621582e-01
-1.596816256642341614e-02
3.832091093063354492e-01
4.165936112403869629e-01
-3.078393265604972839e-02
3.873060643672943115e-01
3.646763563156127930e-01
-4.410167038440704346e-02
3.882415294647216797e-01
3.189409673213958740e-01
-5.448960885405540466e-02
3.305186927318572998e-01
4.821155667304992676e-01
-1.764960214495658875e-02
3.494199216365814209e-01
3.921220302581787109e-01
-2.984674461185932159e-02
3.585995733737945557e-01
3.351786732673645020e-01
-4.321394488215446472e-02
3.650940954685211182e-01
2.882339954376220703e-01
-5.342834442853927612e-02
2.964875996112823486e-01
4.847376644611358643e-01
-2.295400202274322510e-02
3.099192082881927490e-01
3.981157243251800537e-01
-3.589551895856857300e-02
3.217393755912780762e-01
3.462869524955749512e-01
-4.775205999612808228e-02
3.307516276836395264e-01
3.033859431743621826e-01
-5.625237151980400085e-02
2.603750228881835938e-01
5.017061829566955566e-01
-3.092767298221588135e-02
2.717117369174957275e-01
4.366259276866912842e-01
-4.328807443380355835e-02
2.821650505065917969e-01
3.944358229637145996e-01
-4.916464164853096008e-02
2.920788228511810303e-01
3.559971451759338379e-01
-5.335713177919387817e-02
