2.525923848152160645e-01
7.206443548202514648e-01
2.495978321803704603e-07
2.926681339740753174e-01
6.908643841743469238e-01
-2.048485353589057922e-02
3.219309449195861816e-01
6.326708197593688965e-01
-2.812001667916774750e-02
2.992514967918395996e-01
5.769162774085998535e-01
-3.403158113360404968e-02
2.663417458534240723e-01
5.509973168373107910e-01
-3.970966860651969910e-02
3.323109447956085205e-01
5.532082319259643555e-01
-1.124574150890111923e-02
3.444263637065887451e-01
4.825629293918609619e-01
-2.248515002429485321e-02
3.462898731231689453e-01
4.381509423255920410e-01
-3.317181766033172607e-02
3.460710346698760986e-01
3.996581435203552246e-01
-4.183127358555793762e-02
3.030444681644439697e-01
5.394983887672424316e-01
-1.279758941382169724e-02
3.157982528209686279e-01
4.651541709899902344e-01
-2.207455225288867950e-02
3.218924105167388916e-01
4.160436987876892090e-01
-3.321518376469612122e-02
3.264781236648559570e-01
3.755862712860107422e-01
-4.182634502649307251e-02
2.744923532009124756e-01
5.443959832191467285e-01
-1.739239692687988281e-02
2.834316492080688477e-01
4.720100760459899902e-01
-2.789265103638172150e-02
2.919529080390930176e-01
4.261509776115417480e-01
-3.848779946565628052e-02
2.986075580120086670e-01
3.881089687347412109e-01
-4.608087241649627686e-02
2.441361993551254272e-01
5.613571405410766602e-01
-2.412843890488147736e-02
2.507039904594421387e-01
5.060142278671264648e-01
-3.457762673497200012e-02
2.578828036785125732e-01
4.695205092430114746e-01
-4.000999778509140015e-02
2.648679316043853760e-01
4.367510080337524414e-01
-4.384935274720191956e-02
