4.430326223373413086e-01
6.425991058349609375e-01
-5.113797101330419537e-07
5.296471118927001953e-01
6.041435003280639648e-01
-1.650604233145713806e-02
5.980637073516845703e-01
5.000433921813964844e-01
-2.310530096292495728e-02
6.240659356117248535e-01
4.161649346351623535e-01
-3.019458986818790436e-02
6.601617336273193359e-01
3.523057997226715088e-01
-3.468631207942962646e-02
5.512951612472534180e-01
3.640347123146057129e-01
-4.868518561124801636e-03
5.902872681617736816e-01
3.992333710193634033e-01
-3.905465826392173767e-02
5.763344764709472656e-01
4.765979051589965820e-01
-6.242891028523445129e-02
5.569781064987182617e-01
5.406706929206848145e-01
-7.019886374473571777e-02
5.009803175926208496e-01
3.455843329429626465e-01
-5.624728277325630188e-03
5.482729673385620117e-01
4.009572565555572510e-01
-3.436268121004104614e-02
5.292181968688964844e-01
4.908222854137420654e-01
-4.052307829260826111e-02
5.103344321250915527e-01
5.586805343627929688e-01
-3.635695576667785645e-02
4.506122767925262451e-01
3.503068387508392334e-01
-1.128840912133455276e-02
4.951557219028472900e-01
4.058061838150024414e-01
-3.971399366855621338e-02
4.819304943084716797e-01
4.930148720741271973e-01
-3.140572085976600647e-02
4.693963527679443359e-01
5.533562898635864258e-01
-1.608768291771411896e-02
4.005972743034362793e-01
3.713396191596984863e-01
-1.883803121745586395e-02
4.414241611957550049e-01
3.981229066848754883e-01
-3.368918225169181824e-02
4.438013136386871338e-01
4.601063430309295654e-01
-2.245425060391426086e-02
4.375043511390686035e-01
5.004307031631469727e-01
-6.702843122184276581e-03
