1.797278374433517456e-01
7.072837352752685547e-01
4.958429826729116030e-07
2.407173812389373779e-01
6.392000317573547363e-01
-3.796014189720153809e-02
2.735013365745544434e-01
5.387316942214965820e-01
-5.523637309670448303e-02
2.182015180587768555e-01
4.532053470611572266e-01
-6.928529590368270874e-02
1.611093580722808838e-01
4.164226055145263672e-01
-8.266416937112808228e-02
2.878608107566833496e-01
3.988530337810516357e-01
-2.316707745194435120e-02
2.974593043327331543e-01
2.718931436538696289e-01
-4.573106393218040466e-02
2.978231012821197510e-01
1.972259432077407837e-01
-6.681236624717712402e-02
2.973685264587402344e-01
1.337722539901733398e-01
-8.314573764801025391e-02
2.332907766103744507e-01
3.822588324546813965e-01
-2.552476897835731506e-02
2.427193820476531982e-01
2.442704439163208008e-01
-4.583163186907768250e-02
2.474783360958099365e-01
1.578551232814788818e-01
-6.812393665313720703e-02
2.537901699542999268e-01
8.677896857261657715e-02
-8.467126637697219849e-02
1.837401688098907471e-01
3.955950438976287842e-01
-3.329990804195404053e-02
1.853129267692565918e-01
2.645779252052307129e-01
-5.430103465914726257e-02
1.945566833019256592e-01
1.815337389707565308e-01
-7.403177022933959961e-02
2.045706510543823242e-01
1.149608194828033447e-01
-8.767440170049667358e-02
1.342776715755462646e-01
4.297680854797363281e-01
-4.498763382434844971e-02
1.377989351749420166e-01
3.253725171089172363e-01
-6.373479217290878296e-02
1.447660326957702637e-01
2.593649625778198242e-01
-7.274857163429260254e-02
1.541085839271545410e-01
2.018215358257293701e-01
-7.900095731019973755e-02
