2.441715449094772339e-01
5.537230968475341797e-01
-3.082688806443911744e-07
3.148682713508605957e-01
5.258336663246154785e-01
-3.161064535379409790e-02
3.773455917835235596e-01
4.337966144084930420e-01
-4.082886502146720886e-02
4.067983329296112061e-01
3.514807820320129395e-01
-4.731538519263267517e-02
4.388045668601989746e-01
2.914128601551055908e-01
-4.991794750094413757e-02
3.482122719287872314e-01
3.407561480998992920e-01
-1.185738295316696167e-02
3.623784482479095459e-01
3.240813612937927246e-01
-4.806126654148101807e-02
3.494770526885986328e-01
3.895743787288665771e-01
-6.707955151796340942e-02
3.318875133991241455e-01
4.465196728706359863e-01
-7.098595052957534790e-02
2.983843088150024414e-01
3.263435363769531250e-01
-6.136237177997827530e-03
3.139103353023529053e-01
3.043498098850250244e-01
-4.529895633459091187e-02
3.015262782573699951e-01
3.948801159858703613e-01
-5.322357639670372009e-02
2.884388566017150879e-01
4.588932394981384277e-01
-4.607757925987243652e-02
2.483985871076583862e-01
3.245877921581268311e-01
-7.181996945291757584e-03
2.607183456420898438e-01
3.142643570899963379e-01
-4.816998541355133057e-02
2.592966258525848389e-01
4.046365916728973389e-01
-4.154745116829872131e-02
2.561864256858825684e-01
4.612016975879669189e-01
-2.313932031393051147e-02
1.972929090261459351e-01
3.327049016952514648e-01
-1.015222165733575821e-02
2.170361578464508057e-01
3.137985467910766602e-01
-3.601288795471191406e-02
2.229407727718353271e-01
3.786365091800689697e-01
-2.693710848689079285e-02
2.218469381332397461e-01
4.177336990833282471e-01
-1.050868071615695953e-02
