2.363660633563995361e-01
7.466297149658203125e-01
4.723945892237679800e-07
3.034622669219970703e-01
6.779341101646423340e-01
-3.585130721330642700e-02
3.449607491493225098e-01
5.818810462951660156e-01
-5.422308295965194702e-02
2.948097288608551025e-01
4.894964694976806641e-01
-6.977086514234542847e-02
2.339901030063629150e-01
4.516755342483520508e-01
-8.646213263273239136e-02
3.515547513961791992e-01
4.288440942764282227e-01
-3.129777312278747559e-02
3.614279627799987793e-01
2.946294546127319336e-01
-5.659647285938262939e-02
3.587925732135772705e-01
2.149186134338378906e-01
-7.939499616622924805e-02
3.539979457855224609e-01
1.467959582805633545e-01
-9.712079912424087524e-02
2.950483262538909912e-01
4.103523492813110352e-01
-3.787254914641380310e-02
3.071371614933013916e-01
2.608381807804107666e-01
-6.021733954548835754e-02
3.098249435424804688e-01
1.651838421821594238e-01
-8.447777479887008667e-02
3.121913075447082520e-01
8.632525801658630371e-02
-1.027101576328277588e-01
2.430560290813446045e-01
4.261348247528076172e-01
-4.895772784948348999e-02
2.465486079454421997e-01
2.810908854007720947e-01
-7.232277095317840576e-02
2.545776069164276123e-01
1.885633170604705811e-01
-9.452848881483078003e-02
2.619981169700622559e-01
1.125565171241760254e-01
-1.103603094816207886e-01
1.890801787376403809e-01
4.679748415946960449e-01
-6.333983689546585083e-02
1.956716179847717285e-01
3.550591766834259033e-01
-8.534575998783111572e-02
2.052310407161712646e-01
2.860323786735534668e-01
-9.559449553489685059e-02
2.165155112743377686e-01
2.256840616464614868e-01
-1.027655601501464844e-01
