3.171378076076507568e-01
6.512848734855651855e-01
-3.708939573243696941e-07
3.876682519912719727e-01
6.275742650032043457e-01
-2.895523793995380402e-02
4.451819956302642822e-01
5.401185154914855957e-01
-3.838803246617317200e-02
4.671002924442291260e-01
4.578413665294647217e-01
-4.563518986105918884e-02
4.926657080650329590e-01
3.922445476055145264e-01
-4.947550222277641296e-02
4.152162373065948486e-01
4.337908029556274414e-01
-1.225218828767538071e-02
4.413265585899353027e-01
4.285735487937927246e-01
-4.518673568964004517e-02
4.267210960388183594e-01
4.945415258407592773e-01
-6.278309226036071777e-02
4.060554504394531250e-01
5.511732101440429688e-01
-6.660542637109756470e-02
3.708597719669342041e-01
4.179082214832305908e-01
-7.184017449617385864e-03
3.979035317897796631e-01
4.217479825019836426e-01
-4.074883460998535156e-02
3.801966309547424316e-01
5.067844986915588379e-01
-4.678449779748916626e-02
3.626972436904907227e-01
5.669922828674316406e-01
-4.058609530329704285e-02
3.251441717147827148e-01
4.175583720207214355e-01
-8.211256004869937897e-03
3.487464189529418945e-01
4.260190129280090332e-01
-4.431252181529998779e-02
3.404249548912048340e-01
5.101262331008911133e-01
-3.803517296910285950e-02
3.325731754302978516e-01
5.666689872741699219e-01
-2.186397649347782135e-02
2.787449359893798828e-01
4.279945790767669678e-01
-1.117902901023626328e-02
3.026194572448730469e-01
4.232945144176483154e-01
-3.591343760490417480e-02
3.070970773696899414e-01
4.856324493885040283e-01
-2.882533334195613861e-02
3.057163953781127930e-01
5.264815688133239746e-01
-1.446095947176218033e-02
